5648013
5902299
5030080
3661894
3439440
3494855
3468894
3334640
3522110
3714801
4068904
4391449
5093075
9199236
3805146
3638972
3352833
3555497
3550372
3347430
2764415
3330545
3729928
3310878
3528299
3365703
3473346
3407175
3647125
4252366
4456181
3883648
4407885
4943753
4785464
3430865
3746375
3510430
3359753
3379204
4105527
5066399
5613419
4581935
4647129
4751408
4712608
4275276
5009698
3090573
3050962
3120237
3089660
3378369
3037175
3165070
3082987
3074493
3200835
2896320
4150822
4630795
4860065
5597089
5486911
4991122
3973996
3208343
3444892
3860854
3668363
3897011
4569230
4313989
13778309
17010278
5166141
4968053
2910949
3045484
4895524
5176141
4218068
3778700
3274385
3272139
3678550
3952203
3912008
4833857
4769200
4990559
4923658
4857974
4535722
4704240
4170953
5248433
4088195
4796331
5048927
5283527
4346473
4601373
60935337
6300092
4737029
4891216
4887809
5359705
4998066
4414866
4873371
3773536
4012972
4457281
4689994
4299803
4352884
3823197
